100 5 50
5
1 0 0 50 2 4 25
2 1 1 52 67 14 2
3 2 0 4 5 81 25
4 2 3 36 24 58 12
5 2 4 59 68 41 25
6 1 5 40 50 60 57
7 0 5 36 24 28 98
8 1 6 3 5 4 8
9 2 3 36 24 58 12
10 2 2 59 68 41 25
11 1 5 40 50 60 57
12 0 1 36 24 28 98
13 2 1 59 68 41 25
14 1 5 40 50 60 57
15 0 0 36 24 28 98
16 1 6 3 5 4 8
17 2 2 36 24 58 12
18 2 4 59 68 41 25
19 1 5 40 50 60 57
20 0 1 36 24 28 98
21 1 5 40 50 60 57
22 0 1 36 24 28 98
23 2 1 59 68 41 25
24 1 5 40 50 60 57
25 0 0 36 24 28 98
26 1 6 3 5 4 8
27 2 2 36 24 58 12
28 2 4 59 68 41 25
29 1 5 40 50 60 57
30 0 1 36 24 28 98
31 1 5 40 50 60 57
32 0 1 36 24 28 98
33 2 1 59 68 41 25
34 1 5 40 50 60 57
35 0 0 36 24 28 98
36 1 6 3 5 4 8
37 2 2 36 24 58 12
28 2 4 59 68 41 25
39 1 5 40 50 60 57